IMG_0281.tiff,
0.0483994, 0.0427776, 0.0404933, 

IMG_0282.tiff,
0.0406068, 0.0364151, 0.0356490, 

IMG_0283.tiff,
0.1531402, 0.1356553, 0.1286482, 

IMG_0284.tiff,
0.1292548, 0.1173989, 0.1107552, 

IMG_0285.tiff,
0.1236585, 0.1087753, 0.1015189, 

IMG_0286.tiff,
0.0664755, 0.0592282, 0.0546045, 

IMG_0287.tiff,
0.0947137, 0.0823927, 0.0733981, 

IMG_0289.tiff,
0.1322110, 0.1183176, 0.1075993, 

IMG_0290.tiff,
0.0393706, 0.0339711, 0.0312228, 

IMG_0291.tiff,
0.0327561, 0.0289142, 0.0276223, 

IMG_0292.tiff,
0.0848609, 0.0721550, 0.0624354, 

IMG_0293.tiff,
0.0765817, 0.0654978, 0.0562368, 

IMG_0295.tiff,
0.0553069, 0.0492734, 0.0464582, 

IMG_0296.tiff,
0.1152329, 0.1045922, 0.0987800, 

IMG_0297.tiff,
0.0745489, 0.0619331, 0.0548576, 

IMG_0298.tiff,
0.0362815, 0.0297022, 0.0239729, 

IMG_0300.tiff,
0.0727918, 0.0661760, 0.0631480, 

IMG_0301.tiff,
0.0473708, 0.0421980, 0.0394276, 

IMG_0302.tiff,
0.0815719, 0.0710234, 0.0644596, 

IMG_0303.tiff,
0.1159310, 0.1019348, 0.0924003, 

IMG_0305.tiff,
0.1197433, 0.1055204, 0.0945449, 

IMG_0306.tiff,
0.0496322, 0.0440014, 0.0403473, 

IMG_0307.tiff,
0.0898297, 0.0791961, 0.0724874, 

IMG_0310.tiff,
0.0738529, 0.0668713, 0.0634783, 

IMG_0313.tiff,
0.0911424, 0.0802126, 0.0733525, 

IMG_0314.tiff,
0.1814054, 0.1605930, 0.1464693, 

IMG_0315.tiff,
0.2288796, 0.2027446, 0.1838481, 

IMG_0316.tiff,
0.0737138, 0.0625222, 0.0569231, 

IMG_0317.tiff,
0.3867147, 0.3423107, 0.3156931, 

IMG_0318.tiff,
0.0700503, 0.0611474, 0.0566696, 

IMG_0319.tiff,
0.0797240, 0.0698912, 0.0627691, 

IMG_0320.tiff,
0.0965800, 0.0842070, 0.0775878, 

IMG_0321.tiff,
0.0381052, 0.0338343, 0.0314889, 

IMG_0323.tiff,
0.1078963, 0.0953935, 0.0876356, 

IMG_0324.tiff,
0.1022230, 0.0882883, 0.0779824, 

IMG_0325.tiff,
0.1145321, 0.1047144, 0.0865020, 

IMG_0327.tiff,
0.1848881, 0.1586708, 0.1209639, 

IMG_0328.tiff,
0.0674954, 0.0596587, 0.0560374, 

IMG_0329.tiff,
0.0316788, 0.0280935, 0.0264337, 

IMG_0332.tiff,
0.0194328, 0.0168113, 0.0149482, 

IMG_0333.tiff,
0.0508214, 0.0446722, 0.0403746, 

IMG_0334.tiff,
0.1243348, 0.1098487, 0.1002489, 

IMG_0335.tiff,
0.1305317, 0.1186199, 0.1120421, 

IMG_0336.tiff,
0.0555288, 0.0503101, 0.0478740, 

IMG_0337.tiff,
0.0989273, 0.0895205, 0.0847052, 

IMG_0339.tiff,
0.1590407, 0.1428459, 0.1329777, 

IMG_0340.tiff,
0.0906916, 0.0826332, 0.0766442, 

IMG_0341.tiff,
0.0899159, 0.0804399, 0.0748980, 

IMG_0342.tiff,
0.3929127, 0.3530181, 0.3339368, 

IMG_0343.tiff,
0.1723850, 0.1440318, 0.1236979, 

IMG_0344.tiff,
0.0838621, 0.0750656, 0.0681086, 

IMG_0345.tiff,
0.1022988, 0.0926350, 0.0841419, 

IMG_0350.tiff,
0.0842813, 0.0767007, 0.0728933, 

IMG_0351.tiff,
0.2277400, 0.2021193, 0.1882904, 

IMG_0352.tiff,
0.1850446, 0.1606416, 0.1457454, 

IMG_0353.tiff,
0.0926493, 0.0819500, 0.0780928, 

IMG_0354.tiff,
0.1482278, 0.1287738, 0.1166557, 

IMG_0355.tiff,
0.1448228, 0.1323894, 0.1253699, 

IMG_0361.tiff,
0.0469044, 0.0368965, 0.0258996, 

IMG_0362.tiff,
0.0380400, 0.0303935, 0.0216742, 

IMG_0363.tiff,
0.1446862, 0.1194693, 0.1017617, 

IMG_0364.tiff,
0.0718164, 0.0616662, 0.0543397, 

IMG_0365.tiff,
0.3581112, 0.2960188, 0.2540145, 

IMG_0366.tiff,
0.2653167, 0.2193458, 0.1870498, 

IMG_0367.tiff,
0.1268413, 0.1010147, 0.0861577, 

IMG_0368.tiff,
0.1398985, 0.1168815, 0.1043261, 

IMG_0369.tiff,
0.1298278, 0.1077384, 0.0940568, 

IMG_0370.tiff,
0.0829145, 0.0731022, 0.0687390, 

IMG_0371.tiff,
0.0711294, 0.0643824, 0.0610592, 

IMG_0372.tiff,
0.0860871, 0.0779288, 0.0730716, 

IMG_0374.tiff,
0.1037465, 0.0936917, 0.0879700, 

IMG_0375.tiff,
0.2073048, 0.1832618, 0.1763565, 

IMG_0376.tiff,
0.1426684, 0.1281289, 0.1172865, 

IMG_0377.tiff,
0.1338357, 0.1186499, 0.1121630, 

IMG_0378.tiff,
0.1708071, 0.1550030, 0.1480257, 

IMG_0379.tiff,
0.0920513, 0.0822900, 0.0771912, 

IMG_0380.tiff,
0.0669977, 0.0598717, 0.0560992, 

IMG_0381.tiff,
0.1369700, 0.1231075, 0.1146846, 

IMG_0382.tiff,
0.3240005, 0.2891056, 0.2701033, 

IMG_0383.tiff,
0.0667130, 0.0600227, 0.0442891, 

IMG_0384.tiff,
0.0777057, 0.0712283, 0.0662992, 

IMG_0385.tiff,
0.4491794, 0.3898337, 0.3416745, 

IMG_0386.tiff,
0.3750503, 0.3116651, 0.2673694, 

IMG_0387.tiff,
0.3560237, 0.3251202, 0.3069161, 

IMG_0388.tiff,
0.1588478, 0.1472730, 0.1479889, 

IMG_0389.tiff,
0.4883081, 0.4596070, 0.4600786, 

IMG_0390.tiff,
0.2748034, 0.2367422, 0.2096751, 

IMG_0392.tiff,
0.0426969, 0.0368868, 0.0349014, 

IMG_0393.tiff,
0.1520331, 0.1245669, 0.1056487, 

IMG_0394.tiff,
0.1071620, 0.0928389, 0.0849155, 

IMG_0395.tiff,
0.1095325, 0.0906122, 0.0776780, 

IMG_0396.tiff,
0.0986816, 0.0878525, 0.0752692, 

IMG_0397.tiff,
0.1729338, 0.1519880, 0.1306145, 

IMG_0398.tiff,
0.1578052, 0.1391882, 0.1223427, 

IMG_0399.tiff,
0.1258105, 0.1051209, 0.0910183, 

IMG_0400.tiff,
0.2096161, 0.1732205, 0.1478978, 

IMG_0401.tiff,
0.0550496, 0.0491541, 0.0457306, 

IMG_0402.tiff,
0.0578081, 0.0512690, 0.0475093, 

IMG_0403.tiff,
0.1227008, 0.1086876, 0.1015496, 

IMG_0404.tiff,
0.1080580, 0.0951896, 0.0872221, 

IMG_0405.tiff,
0.0708241, 0.0620683, 0.0589984, 

IMG_0406.tiff,
0.1883366, 0.1637067, 0.1484440, 

IMG_0407.tiff,
0.1237598, 0.1063356, 0.0960703, 

IMG_0408.tiff,
0.3215725, 0.2854541, 0.2633367, 

IMG_0409.tiff,
0.3082075, 0.2737333, 0.2524353, 

IMG_0410.tiff,
0.0809324, 0.0590289, 0.0450431, 

IMG_0411.tiff,
0.0641919, 0.0570621, 0.0530098, 

IMG_0412.tiff,
0.1543950, 0.1350137, 0.1220313, 

IMG_0413.tiff,
0.1081050, 0.0897165, 0.0756436, 

IMG_0414.tiff,
0.1991169, 0.1746474, 0.1543348, 

IMG_0416.tiff,
0.0668695, 0.0564162, 0.0471077, 

IMG_0417.tiff,
0.2348294, 0.2184106, 0.2017134, 

IMG_0418.tiff,
0.0425336, 0.0331776, 0.0264959, 

IMG_0419.tiff,
0.1463823, 0.1174942, 0.0973383, 

IMG_0420.tiff,
0.0664216, 0.0589193, 0.0548393, 

IMG_0421.tiff,
0.0625078, 0.0555215, 0.0508170, 

IMG_0422.tiff,
0.1051412, 0.0940889, 0.0879878, 

IMG_0423.tiff,
0.0672351, 0.0589541, 0.0545931, 

IMG_0424.tiff,
0.0951887, 0.0843657, 0.0784926, 

IMG_0425.tiff,
0.0896504, 0.0802123, 0.0758206, 

IMG_0426.tiff,
0.0746564, 0.0656506, 0.0604775, 

IMG_0427.tiff,
0.2323234, 0.2051439, 0.1911467, 

IMG_0428.tiff,
0.0513629, 0.0455648, 0.0426191, 

IMG_0429.tiff,
0.1586728, 0.1136707, 0.0871683, 

IMG_0430.tiff,
0.0569594, 0.0451142, 0.0383596, 

IMG_0431.tiff,
0.2770405, 0.2544332, 0.2422349, 

IMG_0432.tiff,
0.1057805, 0.0931369, 0.0846705, 

IMG_0433.tiff,
0.0162987, 0.0120398, 0.0077593, 

IMG_0434.tiff,
0.1262170, 0.1081755, 0.0932512, 

IMG_0435.tiff,
0.1431475, 0.1160799, 0.0945614, 

IMG_0436.tiff,
0.0593353, 0.0463827, 0.0354155, 

IMG_0437.tiff,
0.0840689, 0.0742305, 0.0676068, 

IMG_0438.tiff,
0.1115169, 0.0933340, 0.0791052, 

IMG_0439.tiff,
0.0364245, 0.0334427, 0.0329260, 

IMG_0440.tiff,
0.1850568, 0.1497315, 0.1250233, 

IMG_0441.tiff,
0.0420223, 0.0377695, 0.0363479, 

IMG_0442.tiff,
0.1101263, 0.1005388, 0.0961809, 

IMG_0443.tiff,
0.1222105, 0.1174423, 0.1201822, 

IMG_0444.tiff,
0.0750718, 0.0611050, 0.0516166, 

IMG_0445.tiff,
0.3687684, 0.3513032, 0.3471473, 

IMG_0446.tiff,
0.1752591, 0.1585599, 0.1503572, 

IMG_0447.tiff,
0.1106784, 0.0912051, 0.0781661, 

IMG_0448.tiff,
0.1601352, 0.1468903, 0.1344060, 

IMG_0449.tiff,
0.0636938, 0.0623160, 0.0641979, 

IMG_0450.tiff,
0.0998006, 0.0942814, 0.0938869, 

IMG_0451.tiff,
0.0733059, 0.0702747, 0.0710883, 

IMG_0452.tiff,
0.0629158, 0.0617637, 0.0641694, 

IMG_0453.tiff,
0.1475954, 0.1482971, 0.1554829, 

IMG_0455.tiff,
0.1939652, 0.1819781, 0.1776501, 

IMG_0456.tiff,
0.0342127, 0.0358160, 0.0404659, 

IMG_0457.tiff,
0.2696086, 0.2413720, 0.2274181, 

IMG_0458.tiff,
0.1253496, 0.1150335, 0.1101332, 

IMG_0459.tiff,
0.1057797, 0.0873178, 0.0746704, 

IMG_0460.tiff,
0.0334579, 0.0253582, 0.0184175, 

IMG_0461.tiff,
0.0515310, 0.0346652, 0.0215164, 

IMG_0462.tiff,
0.1224790, 0.0758016, 0.0399356, 

IMG_0463.tiff,
0.0395455, 0.0243254, 0.0119688, 

IMG_0464.tiff,
0.0672402, 0.0491120, 0.0358697, 

IMG_0465.tiff,
0.0173065, 0.0138714, 0.0107273, 

IMG_0466.tiff,
0.1863682, 0.1592107, 0.1294900, 

IMG_0467.tiff,
0.0358806, 0.0311566, 0.0274650, 

IMG_0468.tiff,
0.1344847, 0.1082611, 0.0901606, 

IMG_0469.tiff,
0.0750362, 0.0681246, 0.0624450, 

IMG_0470.tiff,
0.2261431, 0.1841515, 0.1543568, 

IMG_0471.tiff,
0.4145304, 0.3251481, 0.2625787, 

IMG_0472.tiff,
0.1713540, 0.1394891, 0.1183696, 

IMG_0473.tiff,
0.1375580, 0.1134233, 0.0965109, 

IMG_0474.tiff,
0.1442158, 0.1214519, 0.1046009, 

IMG_0477.tiff,
0.1016464, 0.0880688, 0.0791691, 

IMG_0479.tiff,
0.1276881, 0.1134617, 0.1046036, 

IMG_0480.tiff,
0.0750414, 0.0614508, 0.0519231, 

IMG_0481.tiff,
0.0645124, 0.0537693, 0.0461742, 

IMG_0482.tiff,
0.0222677, 0.0227017, 0.0225249, 

IMG_0483.tiff,
0.2784743, 0.2714330, 0.2758245, 

IMG_0484.tiff,
0.2672185, 0.2770861, 0.3043842, 

IMG_0485.tiff,
0.0633570, 0.0589629, 0.0506092, 

IMG_0486.tiff,
0.0620178, 0.0581588, 0.0499031, 

IMG_0487.tiff,
0.1153575, 0.1058642, 0.0998305, 

IMG_0488.tiff,
0.0824140, 0.0649592, 0.0523177, 

IMG_0489.tiff,
0.0958503, 0.0901802, 0.0759717, 

IMG_0490.tiff,
0.0548539, 0.0524117, 0.0499168, 

IMG_0491.tiff,
0.0896320, 0.0796617, 0.0723500, 

IMG_0492.tiff,
0.0866221, 0.0779072, 0.0727040, 

IMG_0493.tiff,
0.0417873, 0.0386965, 0.0367565, 

IMG_0494.tiff,
0.1433976, 0.1131535, 0.0915259, 

IMG_0495.tiff,
0.3026193, 0.2779087, 0.2613668, 

IMG_0496.tiff,
0.0816550, 0.0749807, 0.0704104, 

IMG_0497.tiff,
0.1993127, 0.1839127, 0.1775543, 

IMG_0498.tiff,
0.1286447, 0.1178802, 0.1134094, 

IMG_0499.tiff,
0.1405783, 0.1301794, 0.1265690, 

IMG_0500.tiff,
0.1806117, 0.1656225, 0.1582779, 

IMG_0501.tiff,
0.1441446, 0.1322079, 0.1259526, 

IMG_0502.tiff,
0.1193248, 0.1071337, 0.1006157, 

IMG_0503.tiff,
0.1915890, 0.1606401, 0.1403418, 

IMG_0504.tiff,
0.1895811, 0.1518725, 0.1270807, 

IMG_0505.tiff,
0.0460472, 0.0398007, 0.0355940, 

IMG_0506.tiff,
0.1030468, 0.0954926, 0.0920370, 

IMG_0507.tiff,
0.0318103, 0.0294350, 0.0274104, 

IMG_0508.tiff,
0.0790510, 0.0717725, 0.0679755, 

IMG_0509.tiff,
0.0961546, 0.0903379, 0.0889065, 

IMG_0510.tiff,
0.2235322, 0.2108002, 0.2087822, 

IMG_0511.tiff,
0.1072454, 0.1011839, 0.1000002, 

IMG_0512.tiff,
0.0886050, 0.0834845, 0.0835153, 

IMG_0513.tiff,
0.1450255, 0.1372201, 0.1353214, 

IMG_0514.tiff,
0.0705076, 0.0674090, 0.0674475, 

IMG_0515.tiff,
0.0953142, 0.0900426, 0.0850849, 

IMG_0516.tiff,
0.2796603, 0.2603551, 0.2483904, 

IMG_0517.tiff,
0.1461383, 0.1353102, 0.1287523, 

IMG_0518.tiff,
0.2759034, 0.2591359, 0.2548695, 

IMG_0519.tiff,
0.1097426, 0.1013503, 0.0979910, 

IMG_0520.tiff,
0.0428269, 0.0362408, 0.0319422, 

IMG_0521.tiff,
0.1292478, 0.1214848, 0.1142337, 

IMG_0522.tiff,
0.0840064, 0.0762617, 0.0712961, 

IMG_0523.tiff,
0.2486533, 0.2317721, 0.2266697, 

IMG_0524.tiff,
0.3108856, 0.2993762, 0.2991238, 

IMG_0525.tiff,
0.1876043, 0.1786871, 0.1800602, 

IMG_0526.tiff,
0.0616159, 0.0557647, 0.0524742, 

IMG_0527.tiff,
0.1437767, 0.1345928, 0.1304736, 

IMG_0528.tiff,
0.0221156, 0.0209858, 0.0209842, 

IMG_0529.tiff,
0.1660443, 0.1633524, 0.1673180, 

IMG_0530.tiff,
0.1476617, 0.1398703, 0.1382368, 

IMG_0531.tiff,
0.2136209, 0.1883707, 0.1702916, 

IMG_0533.tiff,
0.1999702, 0.1601257, 0.1307649, 

IMG_0534.tiff,
0.3257653, 0.2521157, 0.1996845, 

IMG_0538.tiff,
0.0904666, 0.0596042, 0.0346176, 

IMG_0539.tiff,
0.0404135, 0.0275655, 0.0174930, 

IMG_0540.tiff,
0.0862817, 0.0517386, 0.0265406, 

IMG_0542.tiff,
0.0810467, 0.0431543, 0.0173962, 

IMG_0543.tiff,
0.1153815, 0.0613126, 0.0244520, 

IMG_0544.tiff,
0.2182236, 0.1153779, 0.0449372, 

IMG_0545.tiff,
0.0461724, 0.0249101, 0.0096459, 

IMG_0546.tiff,
0.0314014, 0.0285445, 0.0233452, 

IMG_0547.tiff,
0.1086819, 0.1049114, 0.0909246, 

IMG_0549.tiff,
0.0961004, 0.0517763, 0.0210895, 

IMG_0550.tiff,
0.0946447, 0.0499559, 0.0199678, 

IMG_0551.tiff,
0.0494686, 0.0328369, 0.0207030, 

IMG_0552.tiff,
0.0252389, 0.0165733, 0.0097589, 

IMG_0553.tiff,
0.1405040, 0.0757475, 0.0301592, 

IMG_0554.tiff,
0.1922291, 0.1066980, 0.0479131, 

IMG_0555.tiff,
0.3384059, 0.1763464, 0.0670239, 

IMG_0556.tiff,
0.2858136, 0.1513476, 0.0600773, 

IMG_0558.tiff,
0.0449996, 0.0263411, 0.0132453, 

IMG_0559.tiff,
0.1408053, 0.1053890, 0.0759702, 

IMG_0560.tiff,
0.3216632, 0.1679993, 0.0663935, 

IMG_0561.tiff,
0.1020086, 0.0527301, 0.0212946, 

IMG_0562.tiff,
0.0288652, 0.0164266, 0.0078401, 

IMG_0563.tiff,
0.0328920, 0.0293650, 0.0251398, 

IMG_0564.tiff,
0.0663810, 0.0631552, 0.0579164, 

IMG_0565.tiff,
0.0634137, 0.0372577, 0.0146175, 

IMG_0566.tiff,
0.0180365, 0.0106268, 0.0048882, 

IMG_0567.tiff,
0.0835194, 0.0430005, 0.0166891, 

IMG_0568.tiff,
0.0231849, 0.0165811, 0.0103496, 

IMG_0570.tiff,
0.0421303, 0.0306662, 0.0195611, 

IMG_0571.tiff,
0.0205024, 0.0138890, 0.0078115, 

IMG_0572.tiff,
0.0657666, 0.0502520, 0.0337353, 

IMG_0574.tiff,
0.1073172, 0.0758067, 0.0450893, 

IMG_0575.tiff,
0.0905430, 0.0658346, 0.0412692, 

IMG_0576.tiff,
0.0794354, 0.0453603, 0.0234926, 

IMG_0577.tiff,
0.0584680, 0.0308694, 0.0122945, 

IMG_0578.tiff,
0.0333498, 0.0174289, 0.0065730, 

IMG_0580.tiff,
0.0576314, 0.0420321, 0.0279710, 

IMG_0581.tiff,
0.1230035, 0.0673930, 0.0301229, 

IMG_0583.tiff,
0.0304768, 0.0285700, 0.0244641, 

IMG_0584.tiff,
0.0515596, 0.0491156, 0.0414756, 

IMG_0585.tiff,
0.0722653, 0.0681630, 0.0573086, 

IMG_0586.tiff,
0.0476040, 0.0249756, 0.0095748, 

IMG_0587.tiff,
0.0667278, 0.0348646, 0.0134545, 

IMG_0588.tiff,
0.1193470, 0.0634287, 0.0252494, 

IMG_0589.tiff,
0.1517160, 0.0802278, 0.0313651, 

IMG_0592.tiff,
0.1179535, 0.0631590, 0.0265213, 

IMG_0593.tiff,
0.3590911, 0.1968232, 0.0856023, 

IMG_0594.tiff,
0.0736781, 0.0388701, 0.0155657, 

IMG_0595.tiff,
0.0594638, 0.0314094, 0.0125256, 

IMG_0596.tiff,
0.1297890, 0.0693944, 0.0280126, 

IMG_0597.tiff,
0.0912081, 0.0726139, 0.0544773, 

IMG_0598.tiff,
0.2705467, 0.2524662, 0.2108760, 

IMG_0599.tiff,
0.0432020, 0.0230097, 0.0088767, 

IMG_0600.tiff,
0.0341870, 0.0188874, 0.0077023, 

IMG_0601.tiff,
0.0675403, 0.0364546, 0.0141783, 

IMG_0602.tiff,
0.0712111, 0.0387752, 0.0148041, 

IMG_0603.tiff,
0.0697823, 0.0409247, 0.0188906, 

IMG_0604.tiff,
0.0634704, 0.0369589, 0.0170135, 

IMG_0605.tiff,
0.0986252, 0.0936127, 0.0808269, 

IMG_0606.tiff,
0.0284411, 0.0273892, 0.0230590, 

IMG_0607.tiff,
0.0703873, 0.0391319, 0.0168070, 

IMG_0608.tiff,
0.0766484, 0.0396280, 0.0149474, 

IMG_0609.tiff,
0.0725379, 0.0633869, 0.0496114, 

IMG_0610.tiff,
0.0910078, 0.0526335, 0.0254706, 

IMG_0611.tiff,
0.1263277, 0.0937538, 0.0666790, 

IMG_0612.tiff,
0.1253116, 0.0774173, 0.0354367, 

IMG_0613.tiff,
0.0525920, 0.0300940, 0.0143192, 

IMG_0614.tiff,
0.0387857, 0.0221197, 0.0104614, 

IMG_0615.tiff,
0.1092370, 0.0754874, 0.0490685, 

IMG_0616.tiff,
0.0336315, 0.0193931, 0.0096600, 

IMG_0617.tiff,
0.2982370, 0.1626518, 0.0711553, 

IMG_0618.tiff,
0.1292137, 0.0694205, 0.0272671, 

IMG_0619.tiff,
0.1084238, 0.0565369, 0.0219241, 

IMG_0620.tiff,
0.1177208, 0.0609827, 0.0238207, 

IMG_0621.tiff,
0.1476085, 0.0786167, 0.0305090, 

IMG_0622.tiff,
0.1996704, 0.1052304, 0.0411556, 

IMG_0623.tiff,
0.0608558, 0.0325411, 0.0125249, 

IMG_0624.tiff,
0.0499052, 0.0328152, 0.0174785, 

IMG_0625.tiff,
0.1411077, 0.0793460, 0.0343940, 

IMG_0626.tiff,
0.0223875, 0.0145907, 0.0057181, 

IMG_0627.tiff,
0.0264036, 0.0221147, 0.0167598, 

IMG_0628.tiff,
0.0614780, 0.0509324, 0.0381463, 

IMG_0629.tiff,
0.1155820, 0.0669317, 0.0324754, 

IMG_0630.tiff,
0.0388460, 0.0213255, 0.0078577, 

IMG_0631.tiff,
0.1693923, 0.0962936, 0.0339252, 

IMG_0632.tiff,
0.0541592, 0.0272378, 0.0106545, 

IMG_0633.tiff,
0.0995225, 0.0616221, 0.0331665, 

IMG_0634.tiff,
0.0653562, 0.0412803, 0.0231266, 

IMG_0635.tiff,
0.1240002, 0.0755809, 0.0392901, 

IMG_0636.tiff,
0.0270058, 0.0255344, 0.0222683, 

IMG_0637.tiff,
0.0344266, 0.0256170, 0.0164170, 

IMG_0638.tiff,
0.0378073, 0.0303252, 0.0233356, 

IMG_0661.tiff,
0.0622589, 0.0513400, 0.0394030, 

IMG_0666.tiff,
0.0637670, 0.0454866, 0.0297595, 

IMG_0670.tiff,
0.1089976, 0.0777055, 0.0486377, 

IMG_0671.tiff,
0.1565155, 0.1378739, 0.1130308, 

IMG_0672.tiff,
0.1090837, 0.0981487, 0.0922434, 

IMG_0673.tiff,
0.1027022, 0.0929423, 0.0874859, 

IMG_0674.tiff,
0.1859025, 0.1687591, 0.1614567, 

IMG_0675.tiff,
0.2573504, 0.2322722, 0.2201778, 

IMG_0676.tiff,
0.1372089, 0.1247584, 0.1186840, 

IMG_0677.tiff,
0.1804266, 0.1632950, 0.1564690, 

IMG_0678.tiff,
0.2095521, 0.1911319, 0.1826869, 

IMG_0679.tiff,
0.1441755, 0.1300790, 0.1231323, 

IMG_0680.tiff,
0.1798475, 0.1629973, 0.1537683, 

IMG_0681.tiff,
0.0724471, 0.0630788, 0.0492371, 

IMG_0682.tiff,
0.1406146, 0.1195363, 0.1051489, 

IMG_0683.tiff,
0.0536456, 0.0482103, 0.0462784, 

IMG_0684.tiff,
0.0595031, 0.0538915, 0.0513607, 

IMG_0685.tiff,
0.0372941, 0.0296773, 0.0216309, 

IMG_0686.tiff,
0.1090874, 0.0952935, 0.0770433, 

IMG_0687.tiff,
0.0467604, 0.0387287, 0.0290630, 

IMG_0688.tiff,
0.0327381, 0.0267739, 0.0199779, 

IMG_0743.tiff,
0.1764159, 0.1642464, 0.1599647, 

IMG_0744.tiff,
0.1701007, 0.1601777, 0.1551267, 

IMG_0745.tiff,
0.0775134, 0.0724592, 0.0710945, 

IMG_0746.tiff,
0.0978615, 0.0914392, 0.0887507, 

IMG_0747.tiff,
0.3187649, 0.2960232, 0.2913736, 

IMG_0749.tiff,
0.0539761, 0.0503011, 0.0492698, 

IMG_0750.tiff,
0.1511817, 0.1412226, 0.1394992, 

IMG_0753.tiff,
0.3425698, 0.3137981, 0.3105947, 

IMG_0754.tiff,
0.1197721, 0.1116318, 0.1101434, 

IMG_0755.tiff,
0.0597006, 0.0538152, 0.0519020, 

IMG_0756.tiff,
0.1462829, 0.1355824, 0.1321231, 

IMG_0757.tiff,
0.0802745, 0.0741074, 0.0726806, 

IMG_0758.tiff,
0.1291377, 0.1182209, 0.1146279, 

IMG_0759.tiff,
0.0911361, 0.0803574, 0.0753026, 

IMG_0760.tiff,
0.1874351, 0.1732806, 0.1710155, 

IMG_0761.tiff,
0.0551855, 0.0507687, 0.0497940, 

IMG_0762.tiff,
0.0259775, 0.0236522, 0.0227809, 

IMG_0763.tiff,
0.0820133, 0.0757329, 0.0759726, 

IMG_0765.tiff,
0.1174626, 0.1086245, 0.1067649, 

IMG_0766.tiff,
0.1187972, 0.1105986, 0.1086383, 

IMG_0767.tiff,
0.2016633, 0.1869243, 0.1838706, 

IMG_0768.tiff,
0.0246126, 0.0204349, 0.0148064, 

IMG_0770.tiff,
0.0368757, 0.0341521, 0.0336643, 

IMG_0771.tiff,
0.1887300, 0.1486367, 0.1194491, 

IMG_0772.tiff,
0.1287264, 0.1201845, 0.1192349, 

IMG_0773.tiff,
0.1535335, 0.1416412, 0.1382597, 

IMG_0774.tiff,
0.0519705, 0.0471135, 0.0457247, 

IMG_0775.tiff,
0.1057269, 0.0973575, 0.0943124, 

IMG_0776.tiff,
0.0606105, 0.0546412, 0.0527339, 

IMG_0777.tiff,
0.0224606, 0.0180492, 0.0151344, 

IMG_0778.tiff,
0.0968490, 0.0898796, 0.0884685, 

IMG_0779.tiff,
0.1915951, 0.1743964, 0.1556167, 

IMG_0780.tiff,
0.0246123, 0.0228491, 0.0225672, 

IMG_0782.tiff,
0.0696196, 0.0644993, 0.0637034, 

IMG_0783.tiff,
0.0767263, 0.0718085, 0.0712867, 

IMG_0784.tiff,
0.2673949, 0.2482353, 0.2457550, 

IMG_0785.tiff,
0.0642806, 0.0603353, 0.0595480, 

IMG_0786.tiff,
0.0738819, 0.0691267, 0.0683396, 

IMG_0787.tiff,
0.1914388, 0.1805963, 0.1805519, 

IMG_0788.tiff,
0.2391608, 0.2233596, 0.2230759, 

IMG_0789.tiff,
0.0976181, 0.0900725, 0.0831179, 

IMG_0790.tiff,
0.0355593, 0.0314093, 0.0286287, 

IMG_0791.tiff,
0.1481791, 0.1397349, 0.1384062, 

IMG_0792.tiff,
0.0965300, 0.0898829, 0.0882008, 

IMG_0793.tiff,
0.0394099, 0.0361898, 0.0354225, 

IMG_0794.tiff,
0.0931958, 0.0857628, 0.0832687, 

IMG_0795.tiff,
0.0501720, 0.0460996, 0.0453984, 

IMG_0796.tiff,
0.1616107, 0.1483588, 0.1433215, 

IMG_0797.tiff,
0.1236469, 0.1121028, 0.1066287, 

IMG_0798.tiff,
0.0365929, 0.0255005, 0.0163574, 

IMG_0799.tiff,
0.0380346, 0.0356553, 0.0355404, 

IMG_0800.tiff,
0.0311440, 0.0281965, 0.0275602, 

IMG_0801.tiff,
0.0538180, 0.0505805, 0.0501897, 

IMG_0802.tiff,
0.0737429, 0.0597484, 0.0483875, 

IMG_0803.tiff,
0.0586483, 0.0554307, 0.0517981, 

IMG_0804.tiff,
0.1179029, 0.1114617, 0.1103263, 

IMG_0805.tiff,
0.0779731, 0.0735366, 0.0734699, 

IMG_0806.tiff,
0.2015218, 0.1905255, 0.1910462, 

IMG_0807.tiff,
0.1205626, 0.1144796, 0.1142746, 

IMG_0808.tiff,
0.0215971, 0.0202017, 0.0194918, 

IMG_0809.tiff,
0.0963341, 0.0919053, 0.0886159, 

IMG_0810.tiff,
0.0189412, 0.0177610, 0.0174274, 

IMG_0811.tiff,
0.0732068, 0.0691245, 0.0688525, 

IMG_0812.tiff,
0.1325000, 0.1250888, 0.1245612, 

IMG_0813.tiff,
0.0811371, 0.0765684, 0.0767252, 

IMG_0814.tiff,
0.1072578, 0.1018001, 0.1023880, 

IMG_0815.tiff,
0.2189155, 0.2079180, 0.2099952, 

IMG_0816.tiff,
0.0933725, 0.0887739, 0.0897870, 

IMG_0817.tiff,
0.0886967, 0.0842913, 0.0855299, 

IMG_0818.tiff,
0.0435379, 0.0412019, 0.0415891, 

IMG_0819.tiff,
0.1758183, 0.1673185, 0.1702767, 

IMG_0820.tiff,
0.0715109, 0.0675116, 0.0682977, 

IMG_0821.tiff,
0.0705671, 0.0668203, 0.0674741, 

IMG_0822.tiff,
0.0734553, 0.0696912, 0.0704012, 

IMG_0823.tiff,
0.1217847, 0.1163779, 0.1154898, 

IMG_0824.tiff,
0.0271149, 0.0258472, 0.0256732, 

IMG_0825.tiff,
0.1066894, 0.1023363, 0.1036237, 

IMG_0826.tiff,
0.1168346, 0.1110539, 0.1118024, 

IMG_0828.tiff,
0.0847213, 0.0812568, 0.0814240, 

IMG_0829.tiff,
0.1542089, 0.1478673, 0.1496361, 

IMG_0830.tiff,
0.0571609, 0.0545527, 0.0523776, 

IMG_0831.tiff,
0.0494880, 0.0470294, 0.0464899, 

IMG_0832.tiff,
0.0755592, 0.0717302, 0.0726106, 

IMG_0833.tiff,
0.0448522, 0.0430520, 0.0435293, 

IMG_0834.tiff,
0.0462138, 0.0442936, 0.0449730, 

IMG_0835.tiff,
0.1188715, 0.1144480, 0.1159602, 

IMG_0836.tiff,
0.2829592, 0.1866386, 0.0939500, 

IMG_0837.tiff,
0.1880026, 0.1193956, 0.0447487, 

IMG_0838.tiff,
0.2053468, 0.1134994, 0.0442105, 

IMG_0839.tiff,
0.1863985, 0.1027836, 0.0398262, 

IMG_0840.tiff,
0.1670835, 0.0925170, 0.0371946, 

IMG_0841.tiff,
0.0621719, 0.0600828, 0.0607057, 

IMG_0842.tiff,
0.0476936, 0.0436227, 0.0427082, 

IMG_0843.tiff,
0.0706933, 0.0680257, 0.0698890, 

IMG_0844.tiff,
0.0632784, 0.0586071, 0.0555026, 

IMG_0845.tiff,
0.0307450, 0.0295766, 0.0304438, 

IMG_0846.tiff,
0.0454628, 0.0429832, 0.0433489, 

IMG_0847.tiff,
0.0598560, 0.0265982, 0.0077888, 

IMG_0849.tiff,
0.0189336, 0.0122565, 0.0056236, 

IMG_0851.tiff,
0.0810707, 0.0381836, 0.0123756, 

IMG_0853.tiff,
0.0403125, 0.0186989, 0.0059918, 

IMG_0854.tiff,
0.0261143, 0.0137406, 0.0047338, 

IMG_0855.tiff,
0.1166642, 0.0891724, 0.0659390, 

IMG_0857.tiff,
0.0430326, 0.0344075, 0.0278502, 

IMG_0858.tiff,
0.0626380, 0.0428023, 0.0242889, 

IMG_0859.tiff,
0.0526451, 0.0451117, 0.0388516, 

IMG_0860.tiff,
0.0869379, 0.0781171, 0.0730072, 

IMG_0861.tiff,
0.1861378, 0.0960396, 0.0450885, 

IMG_0862.tiff,
0.0848563, 0.0694545, 0.0558557, 

IMG_0863.tiff,
0.0404960, 0.0262546, 0.0155973, 

IMG_0864.tiff,
0.2709771, 0.1445920, 0.0709830, 

IMG_0865.tiff,
0.0869092, 0.0721934, 0.0552093, 

IMG_0866.tiff,
0.0775156, 0.0540786, 0.0340551, 

IMG_0867.tiff,
0.0741801, 0.0674033, 0.0639079, 

IMG_0869.tiff,
0.0837678, 0.0812816, 0.0715249, 

IMG_0870.tiff,
0.0362660, 0.0315073, 0.0252205, 

IMG_0872.tiff,
0.0068263, 0.0058051, 0.0044475, 

IMG_0873.tiff,
0.0128439, 0.0127709, 0.0115270, 

IMG_0874.tiff,
0.0303789, 0.0279920, 0.0233322, 

IMG_0875.tiff,
0.1162555, 0.1099478, 0.0941912, 

IMG_0876.tiff,
0.0181847, 0.0133404, 0.0086034, 

IMG_0877.tiff,
0.0241366, 0.0178689, 0.0117344, 

IMG_0878.tiff,
0.0579327, 0.0481935, 0.0377150, 

IMG_0879.tiff,
0.0551467, 0.0521526, 0.0448013, 

IMG_0880.tiff,
0.0239379, 0.0215798, 0.0178891, 

IMG_0881.tiff,
0.0547511, 0.0521817, 0.0451398, 

IMG_0882.tiff,
0.0977760, 0.0841252, 0.0667053, 

IMG_0883.tiff,
0.1114142, 0.0959921, 0.0758332, 

IMG_0884.tiff,
0.0404592, 0.0349705, 0.0280759, 

IMG_0885.tiff,
0.1414723, 0.0745738, 0.0306279, 

IMG_0886.tiff,
0.0824504, 0.0433786, 0.0176526, 

IMG_0887.tiff,
0.0715082, 0.0410741, 0.0178410, 

IMG_0888.tiff,
0.1107882, 0.0651857, 0.0318559, 

IMG_0890.tiff,
0.1110151, 0.0610720, 0.0279784, 

IMG_0891.tiff,
0.0817083, 0.0762901, 0.0634561, 

IMG_0892.tiff,
0.1252704, 0.0675279, 0.0257186, 

IMG_0893.tiff,
0.0929109, 0.0495521, 0.0182752, 

IMG_0894.tiff,
0.1377236, 0.0712874, 0.0273884, 

IMG_0895.tiff,
0.1021538, 0.0544227, 0.0224161, 

IMG_0896.tiff,
0.0281000, 0.0260132, 0.0216979, 

IMG_0899.tiff,
0.1513414, 0.0795867, 0.0315072, 

IMG_0900.tiff,
0.1727927, 0.0916399, 0.0380356, 

IMG_0901.tiff,
0.0350871, 0.0192570, 0.0082345, 

IMG_0902.tiff,
0.0372341, 0.0207549, 0.0095760, 

IMG_0903.tiff,
0.0655938, 0.0413600, 0.0234674, 

